654649
438749
137662
986837
135433
926235
69001
726972
31378
570516
68906
63114
566138
735111
936832
26261
559427
853093
298435
999939
565366
885522
14354
961125
961142
82991
523986
971937
311992
113947
374092
574261
630180
397735
674646
700313
221581
848732
198210
922060
983910
966428
713364
597935
939207
102758
38722
580462
416585
472548
866587
827833
799536
923830
189873
230313
626798
499977
185712
635852
354573
650906
435899
769909
554870
975710
869308
453976
689988
888593
25418
291891
463075
800849
881127
409064
818917
992903
245948
159795
757805
667134
712116
664685
272414
438938
729822
950383
927298
154912
283547
535322
564890
951031
924232
27362
913797
631362
521408
497295
904188
152373
757280
229781
364910
671555
955980
484616
345292
253630
162980
770581
406398
945207
436661
782898
784901
307371
454110
911975
953226
786454
422440
773539
205209
395344
203955
195792
237703
780225
630493
151466
497923
477536
303366
627492
257378
867568
483879
868109
836749
262732
941453
249001
620921
506528
680437
363708
36800
178844
691098
68991
675353
789239
525308
139309
855639
606208
301212
768759
91749
263048
208716
693657
96062
224618
336253
159558
941216
560437
263139
9340
841314
312617
490648
359551
943416
515994
313589
152466
431672
502588
181636
304090
593007
903245
808852
839822
973633
168779
933379
930531
863276
964693
400807
891898
308967
269832
202092
69149
342441
23611
180343
832233
540307
738511
356053
593270
560189
722993
930264
134040
365329
298318
924151
887618
307118
299014
194047
513863
624218
364599
895289
198435
381110
230770
381837
14159
473728
601531
926191
630671
245939
349840
852409
669765
98807
346939
970076
870025
565605
781133
828995
899881
133013
207827
871028
670114
861860
471240
980237
372770
326059
637729
215959
400186
522550
926151
780558
628173
625851
310668
997483
400625
563741
675940
562617
575044
584058
106215
836059
36238
966987
804192
843389
149509
176961
109011
170974
103437
366528
722637
823200
581390
456467
772385
484206
658866
358103
33935
423645
426471
918917
520556
868986
854122
422818
677736
891536
944592
860314
422933
385236
228992
617450
511048
165320
261963
681103
250542
228053
79608
767036
478097
50240
680544
930765
582270
461699
199701
862745
626537
272478
454038
809029
678844
958038
70420
753408
643673
27901
205945
968919
891688
997282
322814
355177
905477
325044
921367
126213
46468
765978
647085
889363
613211
922823
529570
761500
731682
857864
228264
128475
907093
674213
205250
649016
46023
350582
714305
337312
100713
481972
696132
442917
319338
285771
197412
707189
157084
900779
606639
266366
661884
297079
824974
362869
325959
930063
70607
2563
766066
940390
590213
73747
631681
570398
430323
941426
595411
491363
183037
132788
170425
654119
185964
201482
52738
982640
435756
757007
797555
299831
95315
403356
171128
849850
598730
66677
433901
99021
658857
756528
882553
341320
273572
75555
463722
764105
575652
362222
889372
84051
931692
441241
341150
888546
872181
740283
450757
630679
71012
35423
180585
884859
568713
95320
539324
823851
711304
333412
207824
12587
655701
501962
75589
283473
808385
483192
293707
467028
746491
12402
598924
70316
162677
459675
41487
799322
472368
547683
154706
898663
950442
959513
915986
712584
768081
261145
133507
914016
217547
818371
887962
53986
892383
623728
989623
954229
391807
639155
571122
182105
867112
765010
141094
515172
735835
723470
551699
419346
61005
961501
125157
207581
423675
778042
140646
544590
139661
842541
716398
646539
547426
745821
492422
779728
601048
261768
826439
592277
227395
518248
675975
379569
800637
606526
924368
625735
24615
572161
578443
996228
558011
745685
348340
990476
944405
840167
988216
267530
882835
430060
402285
887008
438363
293066
186801
139417
708387
949034
508126
882850
9755
130659
409181
619991
40485
944919
144985
845706
889566
561524
17240
53867
752874
525424
33136
868791
518858
834336
116031
136968
119929
619308
195927
92936
294079
784389
836834
500839
306619
283482
2963
624798
881678
295227
318835
582810
988256
610894
827022
283498
955201
344483
236753
150427
954808
508843
212286
146850
338714
44297
394817
773184
315022
14614
80684
905686
820227
87599
395711
42410
128012
612834
909502
551938
887582
310417
139838
430400
261219
198226
582179
895116
262677
441819
120099
848199
161986
701052
450779
945906
711843
740653
533773
80779
519111
637999
116369
976495
787169
783508
440741
917776
985835
30861
413707
182060
831468
299463
620461
611791
904141
991055
694721
494164
389880
491671
752564
36188
835562
544391
683272
175195
75041
306291
176840
535873
412524
970952
709690
263214
328319
62396
564720
700369
397865
916520
783566
975268
957383
727875
763640
231250
967186
538453
451221
900591
646183
704212
80904
314858
509942
371731
331212
546892
646964
255086
124025
756011
346992
292662
297466
183802
502774
203781
199365
61903
742776
293502
738971
592206
710756
232867
200579
575612
808799
196198
466668
979804
743206
794961
522126
773984
105028
624973
982054
128146
278845
576025
415713
507260
624092
769361
218053
203118
649725
445253
944682
280647
235986
364693
57168
731124
9274
564683
885349
905697
542264
619716
14341
443737
478595
301986
564402
520401
12254
454364
766157
921381
750206
956774
859313
811190
810401
606147
433286
180245
31345
283098
805377
243965
696783
507439
881053
280121
348075
474861
811577
346547
267168
29421
583956
77238
139983
196681
832712
49267
670236
125169
975410
941621
952769
78142
328469
946303
35408
983090
170545
983773
202268
858718
426123
287786
664796
895704
478329
565328
995029
717240
345593
693072
545829
657972
874675
357545
459157
959675
743311
688745
150603
804208
153377
880357
332926
862957
638976
790708
891150
492253
311463
657463
150386
604850
654180
826645
662228
930212
789471
754074
496557
930377
568948
653816
692901
625163
885737
624980
447582
477963
548378
889192
613063
266763
477784
317653
487923
696732
646458
522768
77626
886360
625575
304894
19865
175236
239526
927268
247137
856958
360244
219890
224873
220708
243022
332916
261937
837740
407454
328979
194196
236009
569303
525904
367076
82995
337494
282484
896913
927525
984895
922473
224110
26255
658217
528018
351805
407236
497819
446097
397780
439728
774150
71705
852564
999730
819001
495940
495225
394344
956959
7084
545782
793940
837667
366097
66507
335571
446128
912615
920381
163973
367755
70138
465964
705944
660878
905205
764973
605840
663408
198887
773228
811137
811132
465533
866756
590503
173020
621389
276184
279683
773561
150167
172996
72555
31748
50780
386091
596116
804190
719386
663188
660584
433653
175780
636845
858678
23876
640103
20059
852345
868018
899250
581793
527695
355469
906544
961258
234191
650689
813669
270273
534064
439174
631520
349317
313962
411903
769228
868812
780200
990555
373130
865171
574972
998187
198507
667963
823031
710257
39961
260681
974327
364065
254791
364209
674964
405910
807131
367260
186865
529269
697829
563071
677526
880083
122616
106413
692442
661101
871169
853382
205313
805097
566479
509594
294789
718659
353270
678700
245471
619068
982572
401808
901750
208224
138583
15304
168720
960735
900553
501061
56915
98843
191323
586954
160489
349936
389179
209774
44603
729195
590626
416202
683137
397902
437484
207084
854110
992233
50361
376162
461782
793464
907167
19433
473727
747423
769268
82923
958051
945882
90940
588780
736196
314778
717444
325427
631428
959584
795721
598858
455960
955518
105069
516951
751269
636462
99164
235439
428517
409015
165369
953029
499381
255912
706401
619057
31265
823700
565322
877120
334627
859329
117688
870445
670904
343825
527028
495030
663664
258346
612400
586168
542390
114717
630272
33540
184044
942713
486907
551574
662635
8624
682974
852832
881113
192306
757752
475584
54218
393014
378590
714534
19315
88707
895030
835239
15437
127728
850726
451607
994979
653514
348138
32016
208216
985772
267375
138214
675677
437150
157667
920527
839994
406815
74212
484455
225744
280719
894153
740604
900651
266258
951360
519955
887212
294410
577802
828210
422086
819734
394763
70253
217930
522217
449752
623450
285908
560846
322906
317213
527729
831837
787735
137160
174816
609166
179515
793882
205139
903245
828505
361599
615293
653901
539852
872506
170632
10960
958110
429119
513781
620652
646687
64139
674284
968907
786440
845889
411249
676085
514421
615416
256481
62213
963502
51753
811133
394171
342863
276154
141968
808830
922870
352482
595636
39501
368676
691371
20380
330344
881100
279627
672566
234735
590560
672073
444661
925352
130943
65935
178055
612144
725232
533378
666355
104041
58125
590926
473605
445990
601646
798797
249244
38018
892823
11332
767730
83059
375270
94182
983129
245848
818351
436180
56690
368327
535401
683888
876327
208424
590093
66048
486446
996626
184243
963283
597294
69258
836926
868313
783840
95290
570833
703028
566495
189591
76664
977278
985822
983764
286665
143313
941117
725260
885019
111959
884032
115804
329324
538080
642122
553961
839216
34333
415817
970073
266131
980459
592349
733389
335691
948599
554733
538175
221400
667647
742297
401347
192694
946041
924472
466403
259061
651561
193438
482545
682855
424905
739808
965651
207136
450715
167130
927478
939618
826801
385567
220564
824121
751041
115692
787793
65193
603823
739880
392792
631507
755826
494475
361157
341237
210857
95216
1205
456324
2307
817806
132882
734148
754140
293975
122080
725823
741511
675522
371862
620797
283893
258171
550210
477405
203454
799653
841173
537708
525975
901361
457224
317209
485938
872936
580668
488156
746862
920287
266401
3201
392491
548344
986966
189854
952379
21187
695972
299007
161353
299036
538952
346338
296582
163908
99495
293940
733453
526332
113283
778366
347087
148301
464189
986853
349000
656116
916634
512202
782709
489602
164832
992535
39108
397472
886842
261986
111389
715264
84144
551861
367247
70043
715945
364553
463938
517144
207306
458974
247974
864397
988273
563128
12170
250935
643874
645446
830120
343226
78028
150405
276691
19521
142012
491327
959805
955185
661135
211449
719612
416847
985716
940758
595031
524732
585690
77879
706074
111622
171204
116109
301265
513367
180369
909054
770587
50091
32285
590465
231901
802068
77617
319954
516075
676246
793241
490446
651043
618162
251917
633681
718099
692073
710622
809857
999703
883270
832004
349204
964557
660211
857975
341204
203818
112708
614044
362291
11047
140789
292661
619963
196293
343372
969741
964658
573791
656494
43633
927476
659266
601885
170880
975608
950141
768048
296082
745851
856493
857008
88910
272035
429112
56829
438094
186104
132129
450414
323386
250790
628535
81481
757579
625768
458393
721355
532296
966030
618585
908628
849392
309770
771987
348247
255295
627022
241964
315446
328480
653438
854287
788984
567370
946526
415159
625687
713924
3609
919639
350333
861820
661993
873125
820532
178683
125486
264595
957715
607273
310861
181928
874035
56340
349416
654380
597120
937834
191832
322695
820487
163231
12795
190959
830080
955509
723465
563540
832375
689685
467194
371930
99722
528358
8054
307535
347987
31950
189102
435606
597456
703296
803364
998830
823671
503946
543572
253143
821057
97377
824559
604137
822354
535894
386595
876472
503625
927686
891447
673721
259414
196489
233485
881259
126091
890793
165701
455588
122941
265374
814345
980979
464736
591254
128893
817076
141832
396607
125702
491191
268540
302670
255514
637116
993418
849562
77888
438092
627217
802528
496072
560409
691042
375238
401502
866190
854733
271074
647022
725161
42643
146740
141438
995760
863212
902503
309998
909599
119329
315418
390287
234090
331110
785779
367566
186207
997479
397191
891066
555103
721843
202766
553739
781050
911930
192589
140433
578232
217266
327845
608106
878830
904516
477048
462896
546865
489810
625030
621212
307189
258863
854092
503634
449694
81482
783559
852354
23357
245002
465548
428933
246565
476212
634037
32466
822072
886305
606821
41481
939443
272045
960336
356247
911947
564120
648275
389380
464733
769243
235891
581319
731003
856567
231159
545112
691826
80450
367618
576542
844185
259199
661833
114609
700015
342771
640156
890366
118431
492700
339785
493516
813563
938417
599649
950137
388216
153920
692463
525624
465908
490487
760584
954684
519853
644762
643416
530042
447383
233895
812861
310703
218853
309361
988017
96713
505963
90990
818848
913975
382376
868061
405163
395822
250664
781024
125177
986635
671360
977909
855080
716183
781500
176116
512157
869316
884761
388336
600240
237630
781331
775558
561946
381849
563904
763470
105776
197858
948366
61259
724845
700329
320934
370539
793104
189177
230990
359715
49250
445485
957758
800908
170643
684554
963379
624437
954878
464296
272502
218719
436911
866870
203120
140022
723621
552828
477186
614001
794601
964017
494294
228596
930759
612677
892060
534073
424001
400911
332917
7546
766272
805856
466464
520891
426304
49236
652159
496964
834168
411290
710281
110075
961417
639987
903787
170128
946926
976577
157488
445749
198061
79287
988867
810534
234178
89714
525633
719574
507312
480779
9365
156434
960931
210589
525948
340012
650239
881947
896092
721896
215386
927141
846546
341224
92984
423224
532105
246373
280771
121797
804363
506917
484570
87596
64989
991835
151823
114409
145990
664540
808601
72417
964542
436447
164609
703726
372835
669565
438408
320721
457665
873206
7135
619252
118766
839748
681015
616403
660355
471874
285204
834438
286473
996947
574006
23900
310958
10974
265679
944555
281181
876466
53229
273564
335401
404246
870433
678107
171365
598517
413026
472349
162102
975791
278536
308733
762957
292184
934045
442608
648298
997769
486221
278658
872159
167191
976913
999660
930295
899687
836707
846731
354632
105365
599099
757513
755430
113145
763965
187658
553993
668962
940349
763270
953418
966431
634218
265100
521142
699706
252769
971097
215767
611312
986416
869532
219099
495147
568153
162720
695116
130279
54665
468035
360863
618433
747396
830364
86907
854390
42977
323312
481381
664746
371334
937559
757570
558236
165903
91679
518636
201410
133599
944851
187456
770675
622505
846850
972387
90100
877493
95523
254678
839691
509685
735980
766706
601229
191121
982988
38802
489852
166368
854230
314480
360697
619298
281614
523571
907877
796758
199710
147605
461466
604304
726620
876802
519532
326747
328947
635476
661937
37247
251968
190015
195043
239215
341118
859909
185409
688343
569466
206860
75378
894237
606898
7544
774903
148764
799390
810116
501897
63652
245199
848546
14322
935214
686376
315903
916831
652684
427137
812259
676008
410324
56183
469984
16609
468256
647336
950977
471622
133938
253384
884553
447950
77220
419803
635082
412157
271390
639118
19750
763483
622292
1460
548012
809109
259083
538178
131706
834933
81078
302507
468812
458102
702923
808098
879712
876796
788627
208313
613864
38239
9204
328539
844543
735959
974128
45317
458700
855521
586616
185879
918320
211049
381995
536434
487389
970149
626343
99052
338412
53120
184639
394874
556290
371178
775292
334114
206508
487187
889461
180031
275860
104561
53202
620207
97455
596472
532249
720343
323731
688821
210483
163844
637816
43269
589004
576048
784915
724723
415998
252354
910101
472634
209062
977580
147669
381319
191921
646483
739136
218108
218245
437433
771940
149242
351649
726130
362102
989093
44761
350105
854596
591188
30938
198425
528650
82903
917684
352101
784200
83248
747303
559709
542782
507489
211334
214895
79244
30859
358411
86829
985484
874233
485566
461649
852141
30698
278641
25543
650929
799779
176905
22695
116103
783854
176035
917982
196754
198410
515479
314534
583917
347703
92015
874074
985857
160544
413405
645311
408047
530976
381291
241851
686854
80107
752475
625589
345032
854229
403848
825855
811862
456285
768906
180658
345829
303357
628773
553120
629852
325651
108937
266495
225444
253200
943235
69523
761798
995669
723339
434027
253371
566586
536331
48429
829103
839718
671956
289504
124272
273705
7796
465263
456662
414632
963635
382044
232957
640279
716440
619183
790425
800481
929477
443570
563192
738511
593543
385568
265561
261686
184723
480671
235965
37267
941168
944930
330399
729655
606642
575887
307029
953413
295170
47599
185484
816480
106734
740750
425747
651960
579613
127609
687032
818342
746567
657092
40377
173932
69078
865251
847122
627207
285002
133683
233329
781885
311625
387913
369624
481938
260444
133333
709170
893653
788638
88462
876979
972530
691542
46185
400494
426939
669146
437856
436063
784945
829364
928029
158123
934858
842308
160813
325109
233593
662609
222082
207855
360009
130402
27041
483614
215372
417200
858274
266679
478487
273618
999024
752587
953173
575236
937912
232423
885467
155921
633494
259874
791033
88280
53817
608668
666241
383699
24862
886559
614990
763967
864968
746888
714910
569266
707983
318718
520338
363585
970738
255521
800164
887017
927559
105828
632722
44296
256790
1792
343749
47817
160734
38410
505769
543306
10385
286697
207859
512397
679537
356562
919529
910224
539318
912579
967216
28647
524705
568521
900995
399069
239445
207801
200444
290343
938651
956512
120327
518190
340911
315385
543165
643633
640825
379089
308109
865346
576689
842148
366938
516942
61081
302238
192333
210838
48730
342798
541659
854775
615218
670572
557709
128650
615308
695577
846655
673344
768665
786371
233373
897692
432090
268960
610695
726580
614910
934472
119122
880323
775478
205495
46939
210880
610971
286899
965210
562370
247290
739458
334922
717961
746710
992918
231343
251559
13669
306863
486796
575769
925649
431458
298481
955165
78759
314555
890955
891262
742126
903215
114381
553314
796889
355436
63112
751405
865515
143590
119727
278935
125989
474602
699067
308913
795051
39735
686564
966815
839033
387287
22587
469145
719316
708781
553252
942461
12703
167612
598445
239390
53153
956430
912083
796095
464772
597291
694531
802951
467184
448465
736454
750285
120679
117054
116994
893859
238035
949259
148407
333014
899021
977490
688107
162562
993542
112887
548968
378766
471482
130359
461585
769089
899773
886145
328676
285655
924378
796244
189137
588464
44400
901102
457329
682276
776419
742280
293305
513706
484963
541317
761416
771433
437598
434410
992162
458564
515221
598346
593365
285375
598177
783987
817209
684570
951408
622036
758336
479264
321683
422381
586764
852212
874566
352984
277473
991921
614102
836743
276864
825366
457945
451192
36898
185678
532926
900995
302132
553070
372358
69410
613919
556375
600881
401790
698398
338365
645895
128183
872544
329290
131696
500789
610558
171366
228183
284406
653747
693001
595286
89712
159293
382426
950067
898884
497930
605788
505184
339192
622568
31807
384967
357918
214568
510367
558891
996632
336570
65051
530903
970491
993160
321022
498334
797071
844505
447500
640498
639772
108192
759571
736911
764004
95717
391127
134932
270269
595486
11065
610589
628297
945261
832692
449350
518559
534851
963401
515651
621448
302057
373360
379771
81836
507047
430682
850420
644301
306011
524063
895020
429078
516576
229706
308823
707591
863586
194212
781816
765071
538217
93970
117035
847891
802739
190437
896688
357750
657938
328490
575216
260155
812281
575045
262438
529216
485674
431341
971906
731403
521657
256970
605140
4908
559717
701239
355772
237241
148597
248999
17859
599609
362051
832418
329335
900772
237177
304810
812044
425559
403470
127698
187244
317426
320379
87281
765730
113684
712177
781009
571979
549923
731264
363037
823522
792226
173018
634560
186775
974447
579384
616227
813052
324077
991697
304837
992063
124993
698422
612768
230024
801162
834300
520380
457020
396015
724489
396075
24118
955465
352370
319939
979012
297046
542348
371548
331385
339148
551363
774873
709770
253359
754894
192997
94473
54412
516450
573754
32675
727796
390462
800359
472712
405896
292850
147763
301012
724530
828542
893306
118408
786951
627190
449513
316379
407504
329837
818890
882584
360323
214604
924411
581909
43919
924932
48180
237574
995936
365121
372116
684645
793541
798497
839078
541546
153509
108644
456742
585289
793265
913430
281866
713019
256454
829222
54455
253568
575280
764792
794779
844338
650241
217638
796510
742491
136131
816569
766550
701615
696969
220439
149406
235860
91994
66800
857611
36457
179461
453890
654729
644511
363074
429247
570109
157436
990162
831738
443211
75143
908813
921590
158592
542761
433707
661070
523015
976024
53782
462700
686698
698354
211800
674615
672079
885459
797484
641246
677316
980420
141881
403480
800289
286243
102338
717919
735225
887446
789567
400730
131051
138064
469277
384951
759570
280383
439437
96299
853271
10785
784381
575626
892861
786237
112840
957023
432474
775354
276961
941489
966518
997889
797241
394527
772506
70428
395083
466799
422003
657238
257493
883672
205064
101144
755844
126144
715027
352951
889505
635232
698471
381515
793799
794772
465242
562243
181439
47765
4771
367436
132874
754933
84648
357529
192145
16765
213335
373611
81513
974065
490061
191344
978600
560317
742880
276100
238760
549093
934895
584369
585032
85222
122992
819168
761070
309640
808789
635670
472026
826829
124591
872424
742230
313956
548399
569072
754594
474278
651181
978372
383981
947806
473271
526591
682533
288354
556416
760726
690044
222447
966892
160545
470451
8079
751106
80224
889746
619821
728834
743094
673246
822032
106973
104984
200083
458454
717307
978600
800152
575850
664990
382141
26983
343702
20058
951373
151984
454208
632130
419355
191074
970445
773508
672340
612475
758410
100581
791122
590778
380920
368264
65635
582910
957683
468823
310478
576634
822668
192742
668899
227020
119084
138279
580013
708768
520280
527482
132962
580915
52676
693392
463367
710076
759529
91369
531044
809664
161895
506651
774358
651558
753986
790448
900573
982383
866495
856152
715098
744177
467689
11343
114037
698299
272191
185127
664466
507058
850383
973336
752755
351406
339527
793824
486684
388530
344817
467361
903847
357954
639682
515661
18116
852314
246031
846521
732968
32509
83643
374663
526418
502378
79771
168408
350181
707974
449718
209470
88229
329587
72833
605852
402135
799010
930581
343090
114695
881162
389675
675659
19516
314894
441518
228231
945096
187086
125358
25565
532249
932611
578704
435285
224794
933273
924707
6186
846225
261555
868085
298473
490852
402700
830853
913691
395019
980851
36004
716412
96982
830661
825380
473452
300620
372545
380474
101406
766836
737550
918916
925200
300295
348646
805390
85275
375900
215328
480502
479868
994983
109331
767882
209356
766889
424544
803422
761208
600387
417513
846259
37702
420076
189083
797779
583900
557987
202077
340873
867713
857466
869600
689075
271814
543988
55147
833813
580368
61941
756561
480542
901520
593768
791753
23497
680840
290089
768553
612835
77049
376109
756713
731878
88791
791653
494551
477408
57536
947922
314458
890274
93064
318863
381297
843069
236470
289330
254488
168534
91596
35091
520745
905520
126411
982077
530228
291444
757403
686338
233580
497726
125953
550734
378033
50108
374742
810449
893408
788530
510724
379228
859929
959608
942575
784612
856630
501531
897859
93200
79090
596841
765199
758215
536777
992816
829095
869748
473726
227989
971632
305867
693865
423082
159342
581051
221660
719861
575814
496735
977748
736186
497759
495979
690341
854888
814451
909660
23588
816696
327676
73217
534325
106584
318555
182867
195825
395582
852598
106785
652732
307753
119863
677842
257207
724854
805250
940377
342673
420489
761753
68493
443972
156536
695310
142098
58040
137382
181718
980626
749068
895130
725664
842404
632753
70776
894177
792422
610539
871604
883094
349285
264375
986971
591636
872668
20326
105259
266634
555791
151123
368980
85803
518806
821115
656322
756955
593991
255182
620119
843991
668895
666927
314998
744522
285251
328687
561305
821706
754412
860506
600878
291423
143208
904758
147038
295333
638715
346388
362334
982184
975888
447412
335647
594984
653373
199915
447893
369566
526277
626257
536953
574908
743317
264509
174750
963685
150036
941928
179827
869543
993923
931161
365193
84176
659559
107149
54234
757475
905407
354806
881675
186459
377891
863025
407674
985180
686581
919614
77745
661574
650404
246893
355660
42890
160423
921447
546459
924200
846775
7527
758037
725818
908239
816736
472006
52017
109833
192943
894612
477018
852834
948037
847533
52382
842279
930946
34687
840747
568636
382813
690926
648887
491760
555091
895147
456473
712531
321194
859244
210734
475812
509919
17204
645259
118136
794545
79035
912517
260441
17008
843486
886394
652345
427265
392071
854759
795154
397464
989741
555509
407248
477007
292006
312512
764019
220052
653144
866253
898216
13695
230742
772083
997651
308691
370329
409812
194055
577988
794787
260875
152521
506192
910307
503959
537860
525804
700679
308366
347552
477146
624690
771074
668332
942085
432708
698017
887421
770570
558861
306819
26712
121147
171336
272299
750822
171377
127837
581254
278566
739971
496232
132938
264618
837216
327689
728169
871491
264672
992562
462980
821250
225872
459909
911501
185664
362281
451142
666310
530993
307479
558231
993278
285374
598209
202614
8859
653273
470760
491781
972034
886660
341212
393705
457056
32849
438770
661948
984540
452467
410132
791774
779779
924293
145380
991228
991442
499584
792030
114700
484352
876550
410977
674562
412054
844489
697741
110739
240703
714027
136146
747316
223076
342751
840026
290422
870393
342952
604813
161621
380524
231641
59671
235299
565322
147524
88538
641126
773149
211625
242606
584318
475221
809019
977392
253535
256333
649023
158300
887436
390953
417655
824269
846624
211909
752498
498543
731277
826241
319855
109459
194829
674418
608398
60828
60502
246954
596000
919849
901408
569086
653663
482519
392271
767185
721354
990988
482706
615550
256818
323666
972234
821888
217046
946436
233047
497547
993804
543675
496014
325444
582797
710691
998756
602418
963996
84980
763629
879257
67152
218153
173803
794487
477351
438320
813702
409824
451398
362691
532302
311294
57440
802280
479891
213698
993485
298264
746698
361059
800007
404229
432978
946749
765971
724041
699663
765801
558022
839248
52000
671540
860726
818235
812095
310871
345620
559926
486977
949025
750835
723292
119066
385688
992301
918530
5102
248339
722071
34882
275707
998966
453484
530205
444028
951723
145163
847702
680125
482472
915391
794309
626739
962540
946111
756008
581090
9387
190133
941402
871179
277302
451597
931067
911568
429264
284862
610772
332384
109043
634249
942253
367162
115280
367706
248651
573173
836410
248686
434522
275175
191874
792729
973045
391647
408536
505256
406412
559660
757681
864384
36402
827980
304311
73782
968865
314262
138786
33052
681074
467346
9998
58178
561519
240920
367186
71440
998489
98889
47039
59425
89003
426237
839207
536732
422252
491146
329990
11512
522822
587979
855828
227765
418778
803634
957750
80800
315164
543076
792920
60908
346466
784056
975516
998873
512188
449249
427244
441873
456834
743816
532650
612921
551386
408263
539263
487183
319583
178435
882566
832206
913916
775439
324961
557255
300011
143462
131233
139486
856688
590773
796226
540250
559180
636490
357476
926222
396039
859385
105656
331297
448610
365813
397644
310077
202752
845094
870734
85354
619444
205689
443088
87981
149137
37041
864688
904387
874617
838126
716271
746962
942299
423768
383467
563311
237015
824287
452583
652804
579141
321008
875676
68462
468316
773760
99441
689812
368081
605131
194802
31324
805887
15145
592678
191840
259964
964923
836461
165464
59008
458268
755631
835269
731275
271277
278837
142313
642544
970869
749535
583738
361328
942040
921986
419208
58499
727247
737033
558516
249959
681295
719264
536706
166525
952179
165334
198441
413131
219254
634993
604725
924899
311162
499081
50855
852760
173144
84141
143674
598301
25312
377185
594797
248810
13616
955011
750989
546273
105056
871006
418799
553377
618783
878341
761359
854093
717383
764531
794076
740407
317614
595763
159713
93131
101105
528555
414310
109851
411853
275230
389228
135160
955888
802885
304956
396608
324309
392706
838164
656772
56842
958045
688072
660960
919075
760297
749148
684679
436489
514287
399972
624802
770100
823282
510773
625533
521072
526307
767918
361026
472793
882804
831233
141395
535380
497321
264860
648588
345460
830399
798889
494336
207617
652984
581926
602560
83547
392250
877237
354599
307271
988509
119403
314894
800719
707422
145784
653103
632678
875329
939662
100125
402095
593588
543370
396698
470826
879359
906779
54125
223938
224725
520884
547847
56371
30696
609971
848673
762342
107400
561831
34812
244712
405975
442080
33695
518686
921303
31268
830780
212644
558377
1789
308550
574174
632104
352218
896651
421875
372790
888269
693776
688024
664723
307674
568490
74995
590124
604653
231656
384899
337934
214583
846086
330801
634724
895131
775657
306653
743513
934867
672676
257580
46448
557192
215034
248836
771168
228610
199326
872135
344875
392878
220660
158699
822903
827039
315057
597487
925952
998604
327492
778844
75994
908769
67936
647276
327936
487636
945162
747713
904409
432890
158999
621557
477036
154512
750525
234269
566940
612340
309002
748784
734721
156846
67102
685881
942477
391675
971788
666972
933420
203096
498526
718313
685085
364435
163425
738727
870732
266856
135300
923577
904345
987568
912528
477900
76647
488461
207928
426304
864940
837499
888822
495091
140947
505096
456297
460230
522721
337365
246863
986367
939212
184506
886153
990068
940465
914470
658319
881294
374732
251747
957300
673691
598989
247641
368465
742345
851106
165959
321442
504858
57404
909996
636417
518464
666090
721059
601780
830469
438637
633758
498165
138267
240212
785587
977282
718578
548731
677802
630941
416832
945125
97491
537853
81654
818942
265095
141477
506973
230816
99570
250525
76422
110354
85199
767496
60872
686089
876831
548424
119845
268041
684957
251118
179220
522515
622593
79385
932435
741520
583858
635434
873647
545359
726748
323077
174
6954
360788
281781
975517
992746
191572
970
660792
404693
15505
882203
442047
111018
597105
820324
187411
999915
772688
288655
282680
488635
73575
294647
650269
613004
806901
389253
55899
315746
565125
401821
47634
389268
249311
263489
290219
454061
325634
831936
362161
949695
582257
973836
251753
787211
431727
610195
594825
892987
228343
590962
755520
663497
856146
783476
62305
450382
894783
691511
640779
309298
553015
841905
739843
462490
847201
240177
779351
896641
241683
55170
332685
119826
216021
556255
935366
368007
64205
532715
29093
514145
178704
259354
69014
250034
393320
703958
545345
769836
299495
372215
16269
939320
682295
663848
508496
837603
646516
657547
781362
310521
434351
418363
412226
357546
644767
721119
463612
748162
181575
377630
762434
754223
371313
76462
830689
924006
583000
824800
243369
601897
199473
961033
423990
144621
903173
703451
259636
595079
427244
743447
913629
800502
456259
107793
41223
199293
439599
193055
6120
661186
879629
550173
644013
184892
38338
105249
819294
271637
402487
694607
222822
305661
485140
534053
736486
448729
369042
470960
377250
686859
802392
363432
937255
177299
905228
192307
309758
112497
95287
685551
985546
530437
258466
150303
336677
71718
923176
747171
383151
965300
708742
93266
977821
894113
244228
559983
196078
255436
440841
907053
182467
823805
357327
1917
264143
808889
847564
174942
262695
605151
353333
729274
700284
701300
53929
541314
785851
241531
50417
977890
621424
317588
217788
815222
601132
374008
793149
632458
37223
795758
913919
980042
668038
700158
600345
417661
291675
76399
116915
310760
272201
79322
370721
833691
125268
392932
976497
542058
828998
525860
977591
215750
675322
437523
513444
196015
616134
663658
192085
789181
364262
170500
121544
140321
929337
99961
985547
123183
857185
646581
919394
906168
28611
43731
772484
995674
897612
678657
920112
691638
883971
465887
602651
572333
183822
71134
570467
195648
294905
646776
691067
974094
217547
287542
231592
399119
142951
20986
213363
34438
817393
80923
825132
483930
363897
243618
985781
955090
400767
269206
674385
827116
719224
5572
789678
265957
997738
474669
92972
365229
520980
94207
786578
62839
453531
588215
537987
325433
296095
753255
914972
989073
188438
915864
840848
180537
589238
342165
800988
421291
532545
654766
139963
379474
285411
372960
386515
688169
927467
419531
412945
207632
922396
920309
458919
599297
990276
661104
870782
830791
938387
93992
688365
932409
412044
909815
115927
229071
485771
453088
380456
941126
190682
772224
235938
37645
870356
95042
601373
692114
420462
302849
226514
637572
154840
32349
826085
686362
448280
349297
477818
976051
634060
103780
448432
533984
605442
220777
429185
563386
274926
134451
935716
583863
66934
167313
296023
472654
896525
571364
389099
332062
575990
670017
532287
153698
44041
682471
839610
956735
306237
261880
892979
987844
198901
40079
648379
580295
495339
6302
654700
938206
630570
604851
817404
259556
15321
714169
850049
706537
889232
266456
341087
402358
745555
619374
993919
899779
371560
81901
10390
901811
280790
832
312777
31325
159628
375350
464254
751659
15272
388690
389854
19870
51316
533997
294645
259552
620080
321803
546386
292753
409496
603543
704141
463433
550135
23998
652420
142534
798978
597728
487910
518562
463960
734237
224384
778719
11154
301539
606091
31853
615651
581377
23768
180175
557630
151946
170228
598427
137331
42579
290547
693695
493077
736213
233238
311710
736763
31851
285975
979530
787553
397360
697021
572227
104213
156353
63990
723828
885887
393055
693243
95925
62304
612363
332590
253797
338295
826562
275416
82355
93148
301194
366656
219591
227340
629424
843968
437942
663134
709416
614872
827736
730044
746411
128314
217752
467661
717650
281206
121673
413081
698348
823537
373475
931456
343383
674128
993286
353010
902243
685504
96369
890473
426072
797123
352042
68946
286551
995851
911438
369273
275418
757936
912810
445148
286601
492963
670149
451423
248413
798941
576015
523425
181902
388003
963346
486615
539925
722609
637827
519748
478537
946890
196281
386890
366119
989577
855427
250943
515562
178495
977333
998565
765938
49822
473769
638070
761443
163612
258638
163732
763843
364016
523609
118453
266412
646899
382136
61218
912054
207169
993654
798776
25559
539750
142016
888247
788507
740270
33340
167429
257785
782456
384610
901747
11996
89232
558998
382957
844835
934399
464558
516612
527220
546157
188721
638612
642053
81305
455693
792219
664558
313946
752680
588834
942325
29186
532253
607729
456587
70079
469309
155268
555370
77
443228
461186
970926
201237
151412
559472
501580
204042
316160
253356
483855
951154
920524
192147
650739
86123
820423
975893
650967
770983
403010
433349
609618
87771
466147
580642
488362
778978
971582
761143
990996
30108
99802
663387
58464
836727
295781
709199
183557
424301
933045
17581
35483
472775
445218
632610
342360
1298
877671
804608
168613
74750
323148
596054
761057
998031
625418
209404
332231
576008
150137
452803
605267
909056
914882
78115
107683
538501
508468
727485
330267
789294
82011
486495
819549
387245
846295
713463
944772
613918
504916
173507
855331
62978
467657
541317
74820
58252
543978
427962
380877
75988
596492
700816
64046
376698
144349
244596
902531
126270
958493
356878
892483
161732
487556
430286
142883
958923
472358
38146
101518
702431
942236
903115
466870
726891
332947
549013
782627
568324
776495
400300
365133
304597
416113
663717
64080
188952
187197
879410
849444
367390
846974
392715
161683
302662
382305
251306
532553
732131
725626
469286
130435
807671
501254
871460
404673
987867
588211
633558
634333
701927
712325
354160
427436
16048
946419
166131
302599
237456
499765
431658
346256
162591
537308
768369
721714
333989
374937
347432
608180
803251
855754
245277
949291
347086
271383
933264
819343
570167
29791
772509
768837
269800
181375
834814
744038
479940
929639
464389
516415
913937
408400
693721
80705
869839
593485
162689
303816
474629
830825
639031
207295
256053
473455
330513
19628
854963
913609
975716
570268
381394
843054
645009
849815
275186
134347
808071
896020
2596
886207
735900
544085
171323
288344
367407
901938
903255
401824
638119
590580
553215
201105
693142
346380
319838
160695
924755
992292
381021
70838
287154
504975
57857
997102
287359
555146
503055
622816
488506
510398
747918
692477
294346
53118
993014
962967
510421
867346
690933
916244
929391
139425
927884
115994
226134
265437
131340
28807
589889
527564
254025
391282
674765
349585
603723
918653
108586
265119
512616
878466
339001
959339
170605
949723
172004
582101
243664
621565
580681
645113
476140
50480
888944
338366
82639
208382
787409
934918
991564
752105
865721
855643
583673
115309
729986
543731
958703
179082
466768
988785
149623
7552
998458
579570
778252
383569
560280
187232
341513
959794
311054
156421
625966
755790
759566
730400
240218
731618
716657
551423
17945
838161
932889
609431
897885
788275
324593
5713
582844
192887
978829
219110
142433
151487
113621
777467
503630
824968
335840
874029
751332
509408
164960
220503
406170
277686
886176
294298
112361
185285
950166
39724
436277
383837
641679
749861
254797
75759
390201
355746
444285
666656
42250
797615
941951
936651
420156
125185
177949
740416
310681
502326
650435
713367
904213
105849
449892
736524
232712
130833
263137
619388
432159
196905
706957
46541
939740
646837
394561
611213
681630
273364
152103
949789
497331
479633
406817
467894
335319
298433
301010
144376
295840
242779
440449
520027
836095
27011
419464
96150
138716
789199
472911
131411
878242
26528
383463
856749
390153
50914
217516
253910
473815
441806
722874
840466
586178
462009
2419
175649
313270
362591
611834
204776
138449
278703
144916
730055
472553
277321
74429
944019
774679
995540
744778
299792
358900
219223
114851
123644
245969
63098
409214
103796
562666
951165
61419
343666
353335
334975
114873
974870
947003
686214
817203
52803
295808
557166
824479
392401
869800
363901
507250
67115
564956
475973
815205
605301
113097
633996
806025
656348
865182
148239
13738
315324
123948
143166
452856
344913
35763
795114
321326
428777
603456
630444
873543
177180
495190
270540
13930
717190
969663
597499
429662
302860
531851
926591
7660
767209
626296
902504
135253
946068
766872
195398
550657
466459
852953
646688
181238
694617
468802
626984
68365
881791
997271
812220
914550
752355
10618
220797
648472
99192
206597
760865
135265
321793
154562
711430
752814
724592
342703
687539
18998
543656
682830
784824
196842
603046
374988
521843
513204
41533
804305
765542
988460
73802
873747
601517
793177
650069
667246
641857
503318
926285
168941
414484
771371
799614
255444
88501
989904
798420
225635
90915
170954
349802
170554
474371
742551
13965
849629
996765
172667
162988
285962
177187
859186
600275
493659
899154
157788
793314
4040
767335
81839
377939
858044
710549
705730
895369
971151
993937
933858
63823
968321
976493
14303
618469
512873
833141
741957
659072
285885
135634
898170
944719
147368
949882
716765
221377
396493
714229
880755
783911
950240
967120
524353
883931
370494
775264
513506
151838
527755
963515
602528
124893
76566
549601
218941
462161
442530
905061
130460
876017
360242
98148
186066
701961
352993
50440
861368
598285
655859
602467
910061
712630
582728
452644
293158
884107
752169
648671
793162
508892
95478
583300
819811
127210
175212
625784
598813
507181
493566
22258
916487
267289
14220
606722
31353
292133
402498
25599
111520
477935
874944
77924
967827
247731
91389
824892
816485
366521
862431
627977
242200
287491
863520
931172
324556
850759
148696
674242
857248
967374
612436
634105
7013
874729
579106
952065
815281
139993
376575
583967
803024
902723
184542
385961
710352
435909
668965
501298
132385
340087
424007
900895
490528
983619
126083
958672
646291
603534
483138
423109
140305
778935
893472
906592
968924
979739
784737
835175
492926
337325
486470
719141
114835
212267
645674
462441
366403
882600
989850
548510
128573
712610
532870
753896
634077
269232
716541
715092
612237
253519
898651
885644
568915
821377
800962
356027
838396
936549
682406
546564
573671
178770
717185
613295
287653
18800
928400
587338
297207
376442
281274
329770
139694
860118
555166
84692
969260
975672
544280
240008
22966
862453
819476
175340
403924
213823
91308
428198
181220
100531
544872
295761
256633
78303
747780
139651
463957
884931
616810
938201
265242
752861
687308
590655
114129
56085
632271
908984
387639
255356
381162
756301
653973
223716
919852
991936
634735
917487
953206
52967
645764
605444
573788
662716
648056
854919
494246
233601
449978
511858
501922
456515
779089
792834
167358
340141
843882
513899
464597
452497
706933
372034
886614
438841
455795
962965
242887
183221
415033
680286
788083
47419
373897
84703
747211
366377
555101
552521
725319
425543
201975
535945
356638
517754
321890
818104
740649
540078
11278
50950
175438
90572
605310
500181
758302
824440
371078
170716
841753
245326
67784
738106
755494
318128
668841
797150
809285
639967
650753
619966
53550
170594
637733
172624
765797
240093
584198
446678
293144
317283
387646
21418
45709
792431
214965
557713
851826
632773
76393
676867
243173
363759
898097
656704
136229
971753
285961
391208
407259
993053
630287
70055
287964
581125
717336
412765
773673
305470
76987
795755
875746
424871
919341
728847
856423
47345
747129
4867
628095
558954
121835
601115
600411
719622
376304
827672
288622
41274
194683
254390
823510
145773
258760
141826
703893
359790
321891
957879
858771
137674
388346
557517
820371
302366
836118
993037
690018
624742
155579
751790
515719
760113
374896
939801
859343
404034
617313
134190
447736
120516
353159
584070
969926
341868
459825
299110
982444
133586
393905
967532
697764
753068
201370
546068
163564
364521
895206
953104
153023
859757
15547
401094
845282
29026
631218
940858
581173
907232
522914
80103
987569
778319
478196
271171
767848
847864
947322
401482
977068
636586
845009
961234
586830
432828
83825
439730
109323
59074
797301
320086
331663
614804
575717
170694
903860
129505
923374
452327
634666
956398
30408
160692
550793
938355
714096
688346
989633
178172
664008
702528
859617
882088
571957
506941
885499
310552
801482
255169
455720
439348
602301
734556
720463
567337
566238
606849
370993
945104
455963
210239
379155
817445
656953
232225
810622
125451
502738
39133
742280
466164
43073
74350
579815
769976
233152
71294
719768
367759
137100
724485
261637
29599
715858
667005
794505
245548
685933
128372
303812
800553
740778
416022
520849
692974
718445
312084
323463
34010
174071
926036
558665
476142
686448
635850
100657
273328
407638
114212
724067
163354
895051
269329
625543
573256
284964
818967
50037
828059
924887
449250
466803
361439
430178
785950
436439
953095
487636
73326
388600
617503
590815
948059
797289
437232
194925
605014
423111
748320
338490
215965
123278
577256
599270
72069
616221
203465
321503
237717
916069
110580
565384
782173
250206
667452
63261
401596
527764
698699
715533
80662
614517
953734
313624
45752
1533
204462
73304
160616
154850
823091
387638
511189
642788
798678
193411
241975
304365
567828
422618
356441
215122
248836
350425
910162
784573
926174
608852
819536
759198
306084
582887
726033
1512
320856
95504
74887
547945
698555
831811
543969
24920
571970
391565
247761
673361
805629
630516
688495
189073
62174
53599
841734
722664
262628
229610
263664
616172
5365
172298
468009
308885
761168
269992
782185
758170
881707
268390
330931
80945
525954
1207
160795
2468
281501
843886
166889
586627
688932
384299
629446
580444
959233
58539
629662
590242
92047
958080
228814
984779
418106
704159
712987
237213
416979
924972
151429
379510
147202
11101
192811
900036
63243
333497
963608
443886
83644
490673
441471
793307
604646
83290
621563
708050
783716
174688
88911
505350
58353
414490
520071
762598
344460
685846
955048
608068
748488
10647
173393
514527
878440
528690
641430
278985
580985
965891
286954
660719
32506
566033
65446
47395
595606
228240
447974
411375
731006
336374
399970
536112
600460
983050
197782
597056
929587
715562
19462
627512
856001
753004
277327
955950
33480
437747
607528
819913
607849
545486
609126
888917
343894
36757
743462
487987
644097
488418
87051
809845
17559
425395
244102
69699
969413
341054
745439
75962
154069
799
741374
786533
77427
842220
17303
528152
507705
649949
198905
998921
102750
188859
712955
514889
414277
913049
962546
326242
42342
889810
760644
512625
493639
416156
687748
850633
549213
387025
347690
361166
133934
732691
857172
598631
983266
215897
225928
36576
867768
401144
310417
795271
390428
437883
857766
318342
591540
434355
880684
284730
766633
170073
180527
761672
506574
613568
988967
752214
484474
631964
259547
798783
435253
276730
967535
179893
603820
93295
102585
725690
342241
987007
867251
135507
994366
416299
235335
399542
195216
860682
410164
15096
578571
564552
566165
656653
349684
334332
274145
986087
261814
50485
692834
217421
873826
591098
989046
741685
262410
796652
906732
98346
965031
601883
715418
744494
715399
1910
323608
980440
46941
391512
269737
738050
189952
122712
989280
645945
862249
128078
79157
12953
134882
625875
574483
670231
125724
445932
361578
233560
42331
414514
285878
6952
122472
534227
615567
419485
816735
674191
890698
888236
951266
998975
638481
362452
474047
922582
638189
696073
824874
784645
183310
251995
73520
738225
985670
33443
655043
449931
430302
671532
415360
39990
336457
233580
507566
866472
855510
442714
69003
857734
174169
446851
187900
200429
738350
106934
227286
307591
563004
174135
898153
634390
163465
948672
690063
804645
62530
847114
287317
801755
121095
300959
248825
843289
897468
489257
941436
135963
586715
343682
86212
932952
807165
563218
633010
513724
436445
738314
37833
494215
359475
888893
851694
471434
621926
728544
735136
71522
267336
121352
275588
613068
872062
66417
427226
923316
778113
939552
94448
266804
826691
111085
234537
171257
871319
401697
290242
710354
495531
448691
730765
506617
184967
412363
510801
161923
296218
458849
598738
673636
242433
421396
25518
993230
5411
520791
718663
135412
638081
658791
557157
303777
148349
155250
985822
860729
724070
637956
629481
281873
73927
980925
917562
226195
996552
690609
497229
366555
600229
765945
477256
582536
362540
858497
254763
300781
39209
92785
546447
681175
956169
726829
154968
385281
942823
324039
604308
507934
425948
468426
700429
936760
112638
276517
114319
324999
282949
562831
97446
13045
524182
715358
707265
370679
998644
218104
582799
894471
6247
619788
227923
763478
45536
850694
237972
392312
391357
817073
720870
290164
641693
225854
272361
227319
729288
201600
458990
517361
333015
413667
44560
183951
825600
286966
641757
318319
892329
266889
239223
292042
74917
23543
404454
376895
421113
927426
204845
851736
941520
926947
961056
970860
4292
745156
244853
311723
673872
777373
733664
483279
677010
645942
495631
584423
197509
866885
890245
957774
784034
234172
36211
405986
546731
461172
963497
33481
837933
960110
598162
257087
523232
926411
37098
156078
460403
660408
787315
997653
88654
100460
918930
126844
468033
946627
327450
684790
867156
623363
239768
202099
602885
717025
545766
990240
543618
157327
212869
534125
808407
461651
33266
810649
785162
420377
794065
331101
58355
222747
732022
186814
1232
939154
381268
681895
796833
180206
734726
180389
958029
17417
351756
444896
846545
783414
321868
669614
808130
330185
219631
429948
157181
104715
554039
330861
166820
585065
682507
637370
831385
401152
443365
494238
842353
241574
411718
820711
389524
312178
618740
502677
179690
956743
985773
499830
91165
105287
411317
749307
122174
422394
354137
749239
136152
359522
541665
101165
898941
945183
528220
902432
79683
836529
662744
93497
462394
943773
511586
491778
778160
754152
61375
176115
388412
342240
501206
72000
846818
902846
928167
217030
634816
799324
580757
782112
214310
433573
386535
869579
550775
479861
635672
486835
672675
941259
371804
197490
100022
987030
171368
470366
149506
474618
207795
10260
560134
65831
148701
847451
794184
990738
209843
106586
445790
677359
129647
956138
599961
835308
82589
700673
29253
38530
377352
222112
651756
402891
106823
691741
18288
370018
736528
758837
101241
550353
145441
472847
913476
153975
41636
581842
454695
37552
172347
473284
38414
352618
506615
76439
75397
40015
119075
650179
832995
497457
847024
396814
507055
374243
681772
527719
545776
211022
516171
210048
806719
678446
118113
827852
393041
420303
777357
615257
681456
937355
339975
887811
373207
19165
860162
760775
118118
65508
758962
546745
596695
533105
666840
768102
73470
963946
499770
753290
369456
382928
462934
941097
798891
66986
391186
567239
734127
2722
320459
10616
193448
837501
29072
584480
805753
406084
882715
653273
968174
237860
293124
533144
599512
697738
586185
446629
315513
493517
781672
693296
229055
953556
771645
570900
515284
882702
317331
409055
956634
327230
26642
296655
128716
609972
508358
857303
796592
357503
768264
248913
472982
484349
495050
648824
680091
323411
338034
330918
613898
256124
748757
507962
510351
48956
457699
475871
715736
231827
411541
166284
6931
130024
850973
879210
273588
260218
251804
488809
525527
375445
967913
767810
226292
542262
46560
910504
276525
299306
715499
126330
638292
159923
383936
42602
739695
537389
231923
226896
485679
705875
897627
572116
644974
85468
293186
406375
601567
504543
801469
227181
458713
482787
830435
670290
6198
558202
892147
110272
75542
327770
247118
69290
132536
578662
182808
558059
341961
807537
733328
843043
302420
151441
431096
720006
97447
977397
432121
816635
337417
453736
833673
293638
181897
467338
468756
452544
612885
877243
459715
785947
361027
514671
719117
677162
174069
196302
877484
424052
189684
960300
81862
729623
518333
666083
593353
740874
216850
499790
433036
844830
780822
155514
690969
340367
526974
598302
508250
486387
736707
225209
975887
472006
512633
98487
588573
268910
355914
260550
167438
989668
529411
582907
279889
617977
227292
974533
217390
552007
59408
366060
886714
423159
94051
259435
830987
790018
894004
701613
714823
496059
916816
155522
816866
891356
762286
896067
640835
916674
918040
573680
90166
243370
550051
434204
54282
86439
483464
862335
595086
106383
719828
928434
926894
708974
742892
266796
692215
404031
962493
457348
609783
514569
322524
933010
576150
475102
705511
870481
117123
353014
697900
933074
548855
51079
79673
760175
11709
825667
802179
692913
78348
121674
602661
441077
973078
720415
429325
82206
660688
341185
323022
987104
708872
778712
953720
473535
862049
10749
475173
176799
423596
675917
40638
31746
343257
358245
962766
726913
820803
770608
461830
226061
85398
575322
992314
880276
576545
718403
649714
399533
539040
233462
880486
297500
900256
356718
41485
88570
108914
609806
185436
307000
441184
88368
822889
692142
512303
701895
486785
556994
654583
853847
881518
11173
622001
666599
491321
668996
896715
610545
767848
814609
191812
640273
140361
49754
449825
904146
966526
291348
630462
84370
142270
721305
979286
379545
23164
3662
436707
456348
202133
248132
486680
23770
700436
645841
4978
354798
453408
177081
428241
118193
212183
798411
269628
520924
412460
619028
680821
381588
994890
843421
964108
518311
711781
764890
603360
92020
311282
936591
705457
143513
951819
961335
313539
662439
56530
336670
157473
706421
601662
16950
794967
590807
988007
715384
570651
661021
480792
184933
991451
931575
685098
994718
938467
313076
837801
229922
790717
987316
736967
922208
470951
965710
172471
668225
189654
550721
523038
735442
371692
915960
463938
998140
952877
119246
368451
506167
837494
409381
308005
774360
281358
885384
182428
372179
38662
28778
905480
155993
971265
771002
515863
533624
42547
982219
98065
510007
623794
794585
856335
991054
541524
357629
632166
308464
429978
590184
74360
221558
752504
433387
742701
979624
170011
188337
547632
696432
961555
228950
860459
726302
939276
549023
420017
494143
592266
309876
906137
819164
209833
577950
234330
363054
741735
333668
336260
434679
717305
768270
67455
147666
886044
304625
892602
919996
884263
426412
659464
142549
874528
727381
177453
651260
624113
906715
629771
673129
121850
675331
530084
231569
464580
690618
839525
728540
462539
699944
616702
660854
132362
71343
977663
572711
602391
320121
472556
869617
235172
922329
166942
132371
326381
491335
239449
868368
330237
71000
904552
120182
169924
248524
266344
410632
90171
266641
683790
971914
312342
624290
833948
371593
246194
200536
296707
897480
768867
664700
668391
644305
913732
107740
930049
662818
442310
128520
261660
241665
66562
233122
367757
25904
978473
118878
366833
360846
438495
948788
498450
771019
646639
801719
648018
364859
353417
609032
542433
542507
878259
993240
556741
336414
889792
895507
733962
609951
895375
398903
510634
945721
845089
819123
611002
925838
8531
273061
971944
778423
767434
581801
684131
848822
936668
537424
660933
670470
144263
893409
259872
149116
461238
868248
86635
987634
961711
86026
997809
101894
561872
402005
778207
372323
175337
836417
904666
809253
45638
226255
146812
512137
976223
944120
491109
380224
760111
784672
205683
914928
21803
449863
850634
566719
920152
813925
185012
989630
220340
559169
194144
737520
956271
970963
967930
845235
484909
448053
424497
104757
862456
105368
78248
673938
979600
465121
672908
944521
424412
94732
130055
931093
271046
747863
396080
298808
765617
105212
12099
905794
118446
123372
18214
19305
715019
764708
562155
355322
376817
358320
346330
138776
983528
556489
103578
154986
379697
173195
972144
552355
313114
925158
383862
150848
296400
290651
444459
456807
692575
11220
158956
715899
460792
824613
807805
365111
779284
434081
539138
35565
721739
713541
593414
940267
183511
607148
752860
334973
228915
625197
186717
6415
58296
536481
374049
502544
673811
883381
288560
485277
442411
885272
437696
983737
642783
757480
77739
273044
634053
804305
869696
191578
90349
314372
765885
382113
641841
554163
681295
385023
32567
667443
902435
197399
605443
119776
930456
132372
432850
126228
309418
420633
155669
720867
560643
985660
361420
150764
58127
581328
134665
6886
293096
422075
761302
657248
753004
485882
189103
14825
533472
304671
718617
657096
414412
916693
748660
930262
768859
534747
704429
489657
39929
192398
222991
847123
766742
826280
281545
897343
935361
873475
681766
830677
500690
505682
466370
825650
457311
914198
548410
848868
87344
326892
808063
549970
504681
775972
468352
542171
103937
784892
617709
691883
526816
427974
376682
409424
218506
13471
818892
951121
393180
680807
678967
307784
182113
181267
900907
233351
981780
579278
656043
309325
188357
884172
370997
914571
903208
217928
963333
732608
836810
928202
445071
571398
788231
922504
333621
759741
844076
379758
774734
558842
966743
590138
314693
408279
665632
641008
895811
543684
525185
995597
719931
185397
887339
911148
676141
224758
162117
178597
210093
93431
757625
620135
680870
783491
434455
449665
749958
599040
650307
998931
53343
302233
379610
462538
483546
993199
604584
158435
70469
733684
630117
109640
950375
784006
634696
482970
727443
169156
285271
428840
798943
861062
227752
175334
735219
194927
693121
653897
139419
739075
369853
390106
462224
466539
552189
333151
920413
72951
134980
993366
451123
292757
888713
106133
955412
519574
186244
497314
583077
741909
229672
202930
406373
600370
486214
139634
615896
863053
256147
653109
506624
771168
758094
309820
307596
224631
938933
882612
894437
608065
63687
700882
773089
852278
33815
859340
436424
240196
219783
706320
544631
690939
678298
104804
658316
744162
763931
680560
908197
938771
14567
940971
751484
26609
933181
896425
612213
73519
165839
37750
669881
990773
125330
180364
690351
257316
191968
36363
725423
53111
791147
400594
91319
735983
416413
186136
892587
522312
287493
948372
447558
209844
643728
627095
106482
931342
136921
231713
93431
812541
640716
886700
312550
877444
315069
89762
108421
670812
704865
435253
119242
60817
220120
631580
663296
232297
572517
76308
34863
494186
829314
719539
662175
820004
484225
840068
236364
361697
797514
883760
892846
170606
111275
492097
264757
260689
977297
274479
762241
56006
828649
508513
607265
272005
401947
944367
714799
60695
279226
846211
119209
744792
608435
680598
501074
505281
782371
64371
108188
411085
649272
837180
273943
129871
952616
5558
4091
596969
760936
658416
447861
570767
139375
286026
712419
25799
928564
828969
312676
38207
462186
507833
78149
698790
272608
573148
442957
373727
859969
526155
484748
500256
808808
303469
859993
269241
556382
367188
663159
971531
944161
842431
381861
563604
629869
903924
771147
793487
234121
997073
3242
19486
966381
489791
50926
156106
908540
607482
350822
667294
896215
976029
605571
154557
571725
169582
453135
775427
857666
457284
864222
495269
655630
416413
721795
310189
109482
480172
934792
960489
529425
928822
973955
157518
916349
143072
229230
473915
918930
244148
40364
769892
650422
706287
865607
181446
524199
919865
420951
40427
197383
460550
559868
35230
485992
999246
626550
734631
534787
673805
243414
192599
501766
194942
974270
46032
628656
145404
574961
234889
670197
69873
769344
129340
7351
181044
852838
385062
722239
972578
878599
596775
163425
64676
615945
847377
471032
199498
222649
208497
18905
455986
500253
542789
367013
456678
996575
348341
180538
68900
451481
4986
405453
902998
245967
887746
539338
276788
368381
725738
828672
354927
622119
322427
851629
169072
236287
157245
7373
851798
878905
679256
872911
10213
844284
943173
346232
689249
802178
27063
837212
109252
23237
323177
363093
841981
159687
436758
471722
70517
563891
898882
793547
622585
692334
259337
911691
230329
171627
507756
15141
373946
565980
952633
236558
82080
302662
189654
92360
17700
775079
757183
238503
372622
202213
130724
315370
109592
524393
808989
441757
695872
10691
731044
674043
4506
741491
165443
150371
65206
950177
647278
809875
341673
984493
765774
250624
767399
881742
429654
372906
979821
485025
370712
781533
965374
344309
550332
412832
944078
485942
586275
725154
578902
904779
409888
329316
622631
991857
155763
119817
824303
761154
680286
955290
177213
122168
442584
330295
553369
840610
200875
360202
189505
272090
850998
874378
351010
556311
409382
382839
869942
642367
578950
206587
445624
214301
647096
244818
752351
590143
483895
876937
895112
358464
405855
137345
19029
400875
653189
328500
134185
610264
7119
397928
349310
74956
247534
658356
183276
79838
186026
555678
666093
440008
524920
145016
171563
220001
308373
868107
688288
207783
815944
321818
235847
141062
582590
633428
675593
816527
730650
546407
647338
348431
318688
608042
965933
863432
282489
785270
193106
477752
347256
589783
680623
645713
514688
748755
660440
783042
836277
166093
223036
546582
866470
668773
646881
18199
122311
275253
819172
509721
762692
850510
348709
162485
394199
816211
684194
372511
167937
436808
522947
108301
808487
435697
359079
732183
339791
876182
117233
358908
510725
298108
803252
367429
833988
336311
288558
837915
681937
954825
189108
166254
132247
445298
169241
900112
506325
829615
710629
251534
544608
171633
165632
973640
550329
391620
237399
427099
968249
480287
550717
832167
574550
519010
111384
697348
919377
908999
418465
309314
503670
147334
759580
80294
779576
998620
689111
933429
755496
295531
357771
142946
730838
855221
677543
124055
81066
820003
953831
6088
868563
15416
793131
683644
687992
570529
972901
865938
481149
43704
258806
820058
853849
139461
393076
261716
140145
444127
825449
636858
943570
517727
152199
759375
856335
852362
771039
400495
903339
191072
648248
661399
587927
366998
130204
431620
198884
48221
403779
729228
372392
452839
707152
134440
12988
352350
82538
119069
739454
800122
936417
557189
175752
634144
347339
691747
463307
365345
767448
757354
179451
908176
59615
740439
878911
301538
564607
603727
932748
802608
422813
82219
974860
996872
409545
539689
68062
923096
77547
325679
224477
129466
475427
489972
751546
554392
135503
645288
803793
164343
516615
562762
238525
850386
189236
388793
276425
743585
554559
282838
94698
393225
259601
741045
717334
841800
380454
273220
33998
377195
236335
297021
211887
751721
282517
416390
908382
189991
961652
998391
327900
773195
444600
766628
239208
689011
138669
860123
400159
40878
422994
433029
426721
294839
131774
927689
754374
31371
63864
177475
355620
522563
987086
80797
524033
776968
449209
712321
408425
946640
9847
348304
706376
325890
652225
993770
842296
494223
604565
748399
758369
792815
773629
371560
135073
278690
63628
372189
192718
271984
721107
231244
251933
910125
822660
396050
298142
300623
101957
632649
554865
8624
616989
284399
443656
437861
596026
970065
231525
550008
755974
202729
975255
557566
33426
193564
665369
804873
333265
903475
286166
901753
49017
777732
638504
397414
893675
766354
995493
74608
828912
407070
220417
675451
501368
812467
894037
815984
567827
728051
570476
340629
247042
671304
311984
418198
770514
686917
250658
427334
675539
962351
897047
846575
984919
51684
136016
873719
832629
230986
628218
780816
757090
543670
373957
913006
677226
361271
402458
733910
992794
952429
749822
123602
597884
417533
627817
983728
384460
752470
891793
35285
543801
168916
490375
651981
470102
73732
138415
204666
789123
623375
361324
476139
272511
403360
954818
428153
423866
999652
20133
222254
515852
251076
511654
602638
350129
925035
446821
16392
166794
224494
172428
470326
65868
554753
486782
805570
812464
457159
715138
580781
227894
475091
922406
751522
131739
69461
832043
913015
778344
446280
588662
912007
475537
368500
794533
662750
966932
373911
71772
656272
636629
897321
97934
114188
292739
817594
910630
524639
542338
267660
928867
662733
214036
436240
855181
680268
357387
768072
531356
543527
296889
395812
151336
122481
885971
341063
943107
58270
176460
597762
82482
717720
277327
710679
763310
373628
793910
774811
966477
639861
596305
527397
57089
523818
25408
389027
193016
686604
45747
318576
734628
288458
829976
663000
944358
657025
514593
824488
408519
547792
826451
858663
35408
225650
362924
586123
546511
994273
713801
140677
332098
811694
285038
804609
473270
446107
413992
865467
583833
875580
268722
564464
32960
105481
746782
249965
124985
571852
869934
348863
79389
537950
876287
27785
938449
104034
881187
263517
455270
724733
405395
429818
169476
491073
669880
119449
756230
416498
747732
231564
384131
539667
115260
758991
797280
571534
373869
578569
910830
143832
830524
460703
549037
35698
815975
798639
703841
703123
731547
896833
618711
858111
869720
155825
127576
729938
507438
893662
949511
98341
996760
161781
161487
804788
139382
49409
499773
422252
861723
324987
430280
268143
504175
54958
208213
554352
845123
900265
76115
524140
345218
982065
447746
93878
881544
164692
713300
371347
678835
406283
311462
654968
131324
656437
6680
398566
851254
639559
269684
684380
820238
856261
266571
492731
872140
820430
19939
514199
458218
923659
239219
58693
972638
142204
301133
461763
829114
269819
178208
325564
605147
13873
417775
71482
910567
90569
117099
598130
725246
355592
138391
191403
321901
34053
189339
509189
251792
130796
869964
64506
727867
872469
689044
369020
300496
152219
965946
20274
615179
266431
564318
237877
16677
803461
744267
461213
732391
382305
511708
295626
476915
569855
219995
825543
630732
328671
724363
988727
910704
808695
994913
502581
488009
990890
782990
121268
159175
220645
22176
61358
257904
508741
233160
560308
745749
469525
20166
456367
511858
927559
342507
452063
459548
896708
131739
48204
364531
779652
874710
428587
912609
665913
102986
429230
552254
757971
737576
849895
60778
90221
316391
540128
904802
868612
306586
293245
470861
228095
422610
826646
561493
751703
456901
247139
847526
711025
767338
613652
850966
652739
355014
473219
299036
586858
949749
698
843130
367453
439555
66291
285447
958027
276021
416165
216754
940698
74133
615919
157395
527228
581072
951615
459823
10252
133004
960070
150018
432361
305076
785160
992747
940993
137511
953079
436578
792881
290114
425497
607840
250631
711303
735863
818929
769929
439797
860715
538131
8587
174301
852002
926932
18609
812463
945265
974327
96983
133359
881549
124778
826130
722516
615862
217114
726302
929148
490039
15162
840482
726915
496074
991017
592700
377502
937225
128387
205504
217974
392987
960689
912878
138151
306544
187333
402814
13103
741862
611716
361080
436284
836229
543681
264811
553915
515468
105436
931341
215976
410928
229669
436558
76338
95034
752828
926741
473724
477769
702983
133285
53750
953730
440718
986702
505177
717693
179039
990309
829002
543204
55840
173936
137521
593567
425285
350054
361164
981026
606602
723504
186740
402595
311957
628187
633060
366206
337387
554779
145968
171116
497776
453876
26840
429570
554773
697388
234734
533632
669802
881376
580903
436280
282695
971001
351849
188725
661543
357056
484825
953807
996529
913850
47950
965805
508621
823908
453477
296794
234361
579185
379739
111706
837397
113584
180526
812391
49456
664816
707845
117083
920720
632684
51425
509839
856541
33639
409108
593399
731004
590927
375132
70735
851957
893976
170890
112806
10713
466650
92118
594745
150345
94177
482738
304628
746072
483193
720435
14500
264181
210585
540059
819822
893852
91897
720367
798084
121289
644110
828186
906400
150897
343439
99945
417636
672981
13419
47114
390572
467967
493396
379234
22747
959369
163379
168058
875024
847528
811335
285345
447986
329140
166463
644651
260729
792834
233536
608398
260846
405192
490504
843745
613760
287953
44834
955527
837787
483495
978124
121800
112406
662899
948634
308152
373274
326924
866175
404513
596327
287942
705843
844479
753887
816283
503212
888141
845085
686889
116255
78
247266
515198
581646
862159
34816
805701
567685
408903
588686
809457
884684
367002
651317
846108
322651
179500
225202
405070
886692
971912
856940
86309
652255
747331
386695
40280
856089
41855
286339
619899
446642
372286
74717
963741
682574
748736
38587
663034
272858
396440
292736
428313
345199
139078
568599
768419
814925
183325
259726
259645
21727
221903
542109
582563
396178
409949
48756
413590
351179
951835
46683
723109
39827
899916
952175
950828
400056
518304
663655
816807
716488
165199
419659
206240
121152
801951
307072
57398
566753
924488
904588
767739
515415
186794
872575
248579
905849
187322
725268
458880
54694
376784
745800
83173
24554
946770
470711
939505
307176
219730
27660
207567
889323
391550
47283
283694
457869
109389
612422
544344
696608
558160
198516
772957
580644
531008
685976
616952
214086
631747
793228
622915
241444
409808
408975
357211
476984
271869
216678
321766
617157
492551
461461
84821
490252
228891
185436
213331
161784
996149
257152
382897
298005
597951
889640
933505
273797
28369
977490
775197
791404
577800
287034
510326
769695
7674
764966
901382
569515
631394
264395
783982
770721
878771
222305
118005
487190
635706
563303
441313
564908
843182
264947
920927
461234
690685
841006
929067
112684
571767
974291
500395
812734
842648
454247
167586
679336
47918
888575
273788
106880
166177
128525
345237
228177
473284
705558
460903
97990
229721
129636
160585
610041
995754
229973
456524
712207
582694
970505
128331
631602
460176
644187
515839
288737
749127
349872
856355
970458
378874
799852
834759
681564
913261
297727
993443
91566
797913
35615
590202
829856
217767
918932
244486
367861
417443
785183
875635
276544
482751
179266
738373
628423
808954
162395
597096
92552
250001
861242
325842
397913
261709
123551
752782
450155
737983
718818
481162
38298
325513
834531
469254
220055
360885
981678
340198
50383
684958
910038
66242
11989
928210
967083
677663
712197
611794
660545
464007
712754
295605
906658
242038
702560
515641
112689
69597
72184
812962
21933
679613
143339
197868
714102
453540
444004
647431
138151
876106
596438
917580
11630
831869
18910
994720
952102
635100
668546
803161
178112
727765
865355
59625
89491
722239
127979
319573
634112
830835
972456
395091
60402
354370
874470
809977
449697
758466
653934
377964
426962
580017
936217
662357
230854
877110
810323
502007
877760
795633
754301
549330
244921
946443
117136
260627
750766
758445
655666
735182
423793
440387
954373
531539
540505
960717
478653
160859
863825
557754
675148
280674
400744
784573
400666
650932
864227
83544
247947
652474
77601
695581
779411
999235
446784
90004
706056
521031
508067
27233
345183
566774
863894
250149
500044
960145
477274
352254
414779
531200
285046
770607
570570
660910
472158
164010
302130
126661
461132
491146
250090
978680
747502
422609
881728
908520
780860
170752
181144
541461
165237
360208
643300
6399
269581
299177
775366
733662
739757
915851
562020
447331
356615
233633
840286
697087
941531
435476
444116
942004
291703
916723
187748
530743
190548
112514
166741
511315
135319
895092
713934
645757
745756
970258
672848
820450
56161
285917
440782
803069
378755
904723
669269
371639
252026
197813
401930
753410
777884
477977
67382
811435
85153
439089
163543
694714
414564
253160
923966
103187
260459
917538
108692
884673
834957
22473
506660
833815
768851
832119
528519
867143
409284
524743
701304
831262
615697
148618
639562
539313
38439
38127
315994
390864
24567
768207
804720
779361
866971
279970
651151
708544
304255
326354
55127
422711
740364
564363
81123
732486
422663
616160
651601
239086
247938
458120
677749
422855
943516
728
312613
40672
772315
476121
219601
64731
223836
897400
929326
884054
727951
189129
927825
1629
258273
61764
233448
639816
214202
91505
937700
792361
180567
184468
73820
870181
700956
786499
489520
815862
100793
447422
794642
864457
38846
829063
901403
502035
127904
429766
703874
779642
623572
126914
458268
810465
477388
779746
809627
741955
398189
779122
887607
396288
356735
660023
144621
861901
577873
802402
47649
625425
995264
924406
942745
830307
825850
46119
16033
84112
167309
581774
423546
24300
519117
749131
151316
694574
231631
608463
83731
440676
558551
